1 0.41171875 0.66328125 0.01796875 0.0203125
2 0.40859375 0.6640625 0.0109375 0.01640625
0 0.4171875 0.65859375 0.00703125 0.009375
1 0.51875 0.58828125 0.0171875 0.02109375
2 0.51484375 0.590625 0.00859375 0.01640625
0 0.52421875 0.5828125 0.0078125 0.01015625
1 0.59453125 0.6859375 0.01953125 0.04296875
2 0.59453125 0.6953125 0.01796875 0.0234375
0 0.6 0.6703125 0.0078125 0.0109375
1 0.56484375 0.84296875 0.0125 0.03515625
2 0.56484375 0.8515625 0.0125 0.0171875
0 0.565625 0.83125 0.0078125 0.0109375
1 0.7734375 0.81640625 0.0171875 0.03359375
2 0.7765625 0.8234375 0.01171875 0.01953125
0 0.76875 0.80546875 0.0078125 0.0109375
1 0.71640625 0.67109375 0.021875 0.03671875
2 0.7171875 0.6765625 0.01953125 0.0234375
0 0.709375 0.65859375 0.00703125 0.0109375
1 0.7859375 0.5546875 0.03203125 0.02421875
0 0.77421875 0.54765625 0.00703125 0.01015625
2 0.79140625 0.5546875 0.0203125 0.02265625
1 0.89921875 0.5875 0.02265625 0.01640625
0 0.89140625 0.584375 0.00703125 0.01015625
2 0.9046875 0.5875 0.01171875 0.015625
1 0.771875 0.40703125 0.028125 0.02734375
2 0.7765625 0.40546875 0.01796875 0.021875
0 0.7609375 0.415625 0.00703125 0.01015625
1 0.87109375 0.33671875 0.01953125 0.0203125
0 0.86484375 0.34140625 0.00703125 0.009375
2 0.875 0.33515625 0.0109375 0.015625
1 0.68515625 0.3171875 0.01875 0.03828125
0 0.6796875 0.33125 0.00703125 0.00859375
2 0.68515625 0.309375 0.01796875 0.021875
1 0.71328125 0.17578125 0.009375 0.03046875
2 0.71328125 0.16796875 0.00859375 0.015625
0 0.71171875 0.1859375 0.00703125 0.009375
1 0.52421875 0.2015625 0.01484375 0.0296875
0 0.528125 0.21171875 0.00703125 0.009375
2 0.521875 0.1953125 0.009375 0.01640625
1 0.57578125 0.3328125 0.01875 0.0328125
2 0.57578125 0.3265625 0.0171875 0.02265625
0 0.58125 0.34375 0.00703125 0.009375
1 0.5046875 0.45078125 0.02734375 0.0234375
2 0.5 0.45 0.01796875 0.021875
0 0.5140625 0.45625 0.0078125 0.01015625
1 0.3984375 0.39375 0.02109375 0.02265625
2 0.39296875 0.390625 0.01015625 0.015625
0 0.4046875 0.4 0.00703125 0.009375