1 0.4859375 0.71875 0.0125 0.0359375
0 0.48828125 0.70625 0.0078125 0.0109375
2 0.48515625 0.72734375 0.01171875 0.01796875
1 0.7234375 0.7375 0.01640625 0.03125
0 0.71953125 0.728125 0.0078125 0.01015625
2 0.7265625 0.74453125 0.01015625 0.0171875
1 0.85390625 0.47890625 0.0234375 0.025
0 0.84609375 0.471875 0.00703125 0.009375
2 0.859375 0.48203125 0.0125 0.01796875
1 0.746875 0.19296875 0.0171875 0.02890625
0 0.7421875 0.2015625 0.0078125 0.0109375
2 0.75 0.18671875 0.0109375 0.0171875
1 0.5140625 0.1734375 0.01640625 0.0296875
2 0.51171875 0.1671875 0.0109375 0.01640625
0 0.51796875 0.1828125 0.00703125 0.009375
1 0.38125 0.4296875 0.02421875 0.01796875
2 0.375 0.42890625 0.01015625 0.01640625
0 0.3890625 0.4296875 0.0078125 0.01015625