1 0.5015625 0.84453125 0.01484375 0.02421875
0 0.50625 0.83671875 0.00546875 0.0078125
2 0.49765625 0.8484375 0.00703125 0.01484375
1 0.82578125 0.8875 0.0125 0.0265625
0 0.82265625 0.87890625 0.00625 0.00859375
2 0.82890625 0.89296875 0.00703125 0.0140625
1 0.5390625 0.41171875 0.0140625 0.02265625
2 0.5359375 0.40703125 0.00703125 0.01328125
0 0.54296875 0.41796875 0.00625 0.0078125
1 0.7140625 0.22890625 0.00703125 0.0234375
2 0.7140625 0.22421875 0.00625 0.0125
0 0.71328125 0.23671875 0.00546875 0.0078125
1 0.85234375 0.45390625 0.01328125 0.0234375
2 0.85546875 0.44921875 0.0078125 0.01328125
0 0.84921875 0.46171875 0.00546875 0.0078125