1 0.75625 0.3 0.0109375 0.0265625
2 0.75546875 0.29453125 0.0078125 0.01484375
0 0.7578125 0.30859375 0.00703125 0.009375
1 0.82890625 0.29140625 0.01171875 0.02578125
2 0.83046875 0.2859375 0.0078125 0.01484375
0 0.8265625 0.3 0.00625 0.009375
1 0.85859375 0.37421875 0.015625 0.015625
2 0.86171875 0.37421875 0.0078125 0.01484375
0 0.8546875 0.37421875 0.00625 0.009375
1 0.83359375 0.52109375 0.01796875 0.0171875
2 0.83828125 0.521875 0.00859375 0.01484375
0 0.82890625 0.51796875 0.00625 0.00859375
1 0.77578125 0.64609375 0.01640625 0.015625
0 0.77109375 0.64296875 0.00625 0.00859375
2 0.78046875 0.64609375 0.0078125 0.01484375
1 0.7 0.7140625 0.01640625 0.02890625
2 0.7 0.7078125 0.01640625 0.01796875
0 0.69765625 0.72265625 0.00625 0.009375
1 0.67109375 0.71171875 0.01640625 0.028125
2 0.67109375 0.70703125 0.01640625 0.0171875
0 0.6734375 0.72109375 0.00625 0.009375
1 0.65546875 0.76171875 0.01640625 0.02890625
0 0.6546875 0.75234375 0.00625 0.009375
2 0.65546875 0.7671875 0.01640625 0.01796875
1 0.68515625 0.74296875 0.01640625 0.0296875
0 0.6875 0.73359375 0.00625 0.009375
2 0.6859375 0.74921875 0.01640625 0.01796875
1 0.77109375 0.78125 0.025 0.02578125
0 0.7625 0.7734375 0.00703125 0.009375
2 0.775 0.78515625 0.01640625 0.0171875
1 0.68359375 0.8625 0.01640625 0.02890625
0 0.6859375 0.853125 0.00625 0.009375
2 0.684375 0.86875 0.01640625 0.0171875
1 0.56640625 0.6796875 0.02421875 0.01796875
0 0.575 0.678125 0.00703125 0.009375
2 0.5625 0.6796875 0.015625 0.0171875
1 0.4921875 0.67734375 0.01484375 0.021875
0 0.49609375 0.67109375 0.00703125 0.00859375
2 0.4890625 0.6796875 0.00859375 0.01484375
1 0.56953125 0.634375 0.02421875 0.02109375
0 0.578125 0.62890625 0.00703125 0.00859375
2 0.565625 0.6359375 0.01640625 0.0171875
1 0.6 0.6390625 0.0234375 0.01953125
2 0.60390625 0.6390625 0.01484375 0.0171875
0 0.5921875 0.64453125 0.00625 0.009375
1 0.5859375 0.6015625 0.015625 0.0296875
2 0.5859375 0.5953125 0.015625 0.01640625
0 0.58125 0.6109375 0.00625 0.009375
1 0.525 0.5375 0.0171875 0.021875
0 0.5296875 0.54375 0.00625 0.00859375
2 0.52109375 0.534375 0.00859375 0.015625
1 0.61171875 0.48515625 0.01171875 0.028125
0 0.61328125 0.49453125 0.00625 0.009375
2 0.61015625 0.47890625 0.0078125 0.015625
1 0.67265625 0.3828125 0.0125 0.0265625
2 0.6703125 0.37734375 0.00859375 0.01484375
0 0.675 0.39140625 0.00625 0.00859375