1 0.50859375 0.375 0.01796875 0.0203125
0 0.503125 0.38125 0.00546875 0.0078125
2 0.5109375 0.37109375 0.0125 0.0125
1 0.49921875 0.43046875 0.0125 0.0125
2 0.50234375 0.43046875 0.00703125 0.01171875
0 0.49609375 0.428125 0.00546875 0.00703125
1 0.44921875 0.3921875 0.0125 0.02265625
0 0.45078125 0.39921875 0.00546875 0.0078125
2 0.44921875 0.3875 0.0125 0.0125
1 0.39296875 0.39921875 0.0125 0.02265625
2 0.39296875 0.39453125 0.0125 0.01171875
0 0.39140625 0.40625 0.00546875 0.00703125
1 0.38125 0.4375 0.0125 0.021875
0 0.3828125 0.43046875 0.00546875 0.00703125
2 0.38125 0.44140625 0.0125 0.0125
1 0.41953125 0.446875 0.01328125 0.02265625
0 0.41796875 0.4390625 0.0046875 0.00703125
2 0.41953125 0.45078125 0.0125 0.01328125
1 0.47578125 0.47890625 0.01171875 0.01953125
2 0.4734375 0.48203125 0.00625 0.01171875
0 0.47890625 0.4734375 0.00546875 0.0078125
1 0.53671875 0.50234375 0.0125 0.01484375
2 0.5390625 0.5015625 0.00703125 0.0125
0 0.5328125 0.50625 0.00546875 0.00703125
1 0.4109375 0.4828125 0.01328125 0.021875
2 0.4109375 0.4875 0.0125 0.0125
0 0.4078125 0.47578125 0.00546875 0.0078125
1 0.35703125 0.4546875 0.0125 0.021875
2 0.35703125 0.45 0.01171875 0.01171875
0 0.3578125 0.4625 0.00546875 0.00703125
1 0.30234375 0.48125 0.0140625 0.021875
2 0.30234375 0.47578125 0.0140625 0.01171875
0 0.30625 0.48828125 0.00546875 0.00703125
1 0.2734375 0.57421875 0.0203125 0.01328125
2 0.26953125 0.57421875 0.0125 0.0125
0 0.28046875 0.57578125 0.00546875 0.0078125
1 0.2796875 0.66875 0.02109375 0.015625
0 0.28671875 0.66484375 0.00625 0.0078125
2 0.27578125 0.66953125 0.01328125 0.0125
1 0.309375 0.7484375 0.0171875 0.02265625
0 0.315625 0.74140625 0.00546875 0.0078125
2 0.3078125 0.75234375 0.01328125 0.0125
1 0.36015625 0.7875 0.01015625 0.02265625
0 0.3625 0.78046875 0.00546875 0.00859375
2 0.35859375 0.79296875 0.00625 0.0125
1 0.409375 0.771875 0.00703125 0.02265625
0 0.41015625 0.76484375 0.00546875 0.0078125
2 0.409375 0.77734375 0.00703125 0.0125
1 0.45546875 0.796875 0.0078125 0.02265625
0 0.4546875 0.78984375 0.00546875 0.0078125
2 0.45625 0.8015625 0.00625 0.0125
1 0.51875 0.7453125 0.0125 0.01796875
0 0.515625 0.73984375 0.00546875 0.0078125
2 0.521875 0.74765625 0.00703125 0.0125
1 0.546875 0.67265625 0.0140625 0.0140625
0 0.54296875 0.66953125 0.00546875 0.0078125
2 0.55078125 0.67265625 0.00703125 0.0125
1 0.55703125 0.58515625 0.01328125 0.0125
2 0.56015625 0.58515625 0.00625 0.0125
0 0.553125 0.5875 0.00546875 0.0078125