1 0.2453125 0.35234375 0.01484375 0.0265625
0 0.24609375 0.359375 0.00625 0.009375
2 0.24453125 0.346875 0.01328125 0.01171875
1 0.315625 0.38203125 0.01953125 0.02265625
2 0.31796875 0.37734375 0.0140625 0.0125
0 0.30859375 0.38984375 0.00546875 0.0078125
1 0.36015625 0.3859375 0.0203125 0.021875
2 0.35703125 0.38125 0.01328125 0.01328125
0 0.3671875 0.3921875 0.00546875 0.0078125
1 0.434375 0.359375 0.015625 0.02265625
2 0.43515625 0.35390625 0.01328125 0.0125
0 0.4296875 0.36640625 0.00546875 0.0078125
1 0.44609375 0.4609375 0.021875 0.0140625
2 0.45 0.4609375 0.01328125 0.01328125
0 0.43828125 0.4609375 0.00546875 0.0078125
1 0.3375 0.48515625 0.01328125 0.02421875
0 0.33671875 0.4765625 0.00546875 0.0078125
2 0.3375 0.490625 0.01328125 0.0125
1 0.475 0.5125 0.0140625 0.02421875
2 0.475 0.5078125 0.01328125 0.0140625
0 0.471875 0.5203125 0.00546875 0.0078125
1 0.3921875 0.53515625 0.01953125 0.0234375
0 0.3984375 0.52734375 0.00546875 0.0078125
2 0.38984375 0.53984375 0.01328125 0.0125
1 0.22734375 0.45703125 0.0234375 0.01484375
0 0.23515625 0.45390625 0.00625 0.0078125
2 0.2234375 0.45703125 0.0140625 0.01328125
1 0.203125 0.503125 0.01484375 0.02421875
2 0.203125 0.4984375 0.0140625 0.01328125
0 0.2046875 0.5109375 0.00625 0.0078125
1 0.28046875 0.5265625 0.0203125 0.015625
0 0.2734375 0.5234375 0.00546875 0.0078125
2 0.28359375 0.52734375 0.0140625 0.0125
1 0.1453125 0.56640625 0.01484375 0.0140625
0 0.14921875 0.5671875 0.00625 0.0078125
2 0.14140625 0.565625 0.00625 0.0125
1 0.19765625 0.6359375 0.01171875 0.02265625
0 0.20078125 0.628125 0.00625 0.00703125
2 0.1953125 0.640625 0.00703125 0.0125
1 0.27578125 0.61640625 0.01328125 0.01640625
2 0.27890625 0.61484375 0.00625 0.0125
0 0.271875 0.6203125 0.00546875 0.0078125
1 0.390625 0.61875 0.0203125 0.0203125
2 0.3875 0.615625 0.01328125 0.01328125
0 0.39765625 0.625 0.00625 0.0078125
1 0.52734375 0.578125 0.02109375 0.0140625
2 0.53046875 0.578125 0.0140625 0.01328125
0 0.51953125 0.57890625 0.00546875 0.0078125
1 0.47265625 0.64453125 0.01484375 0.02421875
0 0.46796875 0.6359375 0.00546875 0.0078125
2 0.47265625 0.64921875 0.0140625 0.01328125
1 0.446875 0.70078125 0.02109375 0.0171875
2 0.45078125 0.7 0.01328125 0.0140625
0 0.43984375 0.70546875 0.00546875 0.0078125
1 0.334375 0.66484375 0.01015625 0.02578125
2 0.334375 0.65859375 0.0078125 0.01328125
0 0.334375 0.67265625 0.00625 0.00859375
1 0.22265625 0.69921875 0.015625 0.0140625
0 0.22734375 0.7 0.00546875 0.0078125
2 0.21875 0.69921875 0.00703125 0.0125
1 0.3140625 0.75625 0.01328125 0.01953125
0 0.31015625 0.75078125 0.00546875 0.00859375
2 0.3171875 0.75859375 0.00703125 0.01328125
1 0.35546875 0.76015625 0.0125 0.02421875
0 0.35859375 0.75234375 0.00546875 0.00859375
2 0.35234375 0.76484375 0.00703125 0.01328125
1 0.43203125 0.79921875 0.01328125 0.01953125
0 0.428125 0.79296875 0.00546875 0.0078125
2 0.4359375 0.80234375 0.00625 0.01328125
1 0.23359375 0.79609375 0.01328125 0.02265625
0 0.2375 0.7890625 0.00625 0.00859375
2 0.23046875 0.80078125 0.00703125 0.0140625