1 0.50546875 0.05703125 0.00859375 0.02890625
0 0.5046875 0.06640625 0.00625 0.00859375
2 0.50546875 0.05078125 0.0078125 0.015625
1 0.6359375 0.30234375 0.01484375 0.02890625
0 0.63203125 0.3125 0.00703125 0.009375
2 0.6390625 0.2953125 0.0078125 0.01640625
1 0.83203125 0.484375 0.01953125 0.0171875
0 0.8265625 0.48515625 0.00703125 0.009375
2 0.8375 0.484375 0.0078125 0.0171875
1 0.6390625 0.66796875 0.01640625 0.03046875
0 0.634375 0.65703125 0.00703125 0.01015625
2 0.6421875 0.67421875 0.00859375 0.01640625
1 0.50546875 0.9359375 0.009375 0.03359375
0 0.5046875 0.925 0.0078125 0.01015625
2 0.5046875 0.94453125 0.00859375 0.0171875
1 0.3671875 0.66640625 0.0171875 0.03046875
2 0.36328125 0.6734375 0.00859375 0.01640625
0 0.37265625 0.65625 0.00703125 0.0109375
1 0.17578125 0.48125 0.0203125 0.0171875
0 0.18203125 0.48203125 0.0078125 0.01015625
2 0.1703125 0.48046875 0.0078125 0.01640625
1 0.3703125 0.3 0.01640625 0.03046875
0 0.375 0.31015625 0.00703125 0.009375
2 0.36640625 0.29375 0.0078125 0.015625