1 0.3078125 0.05859375 0.0109375 0.02890625
0 0.309375 0.06796875 0.00703125 0.009375
2 0.30703125 0.05078125 0.00859375 0.0140625
1 0.48984375 0.0578125 0.0140625 0.02734375
2 0.4921875 0.0515625 0.00859375 0.01484375
0 0.4859375 0.06640625 0.00703125 0.00859375
1 0.3421875 0.1953125 0.01875 0.03125
2 0.3421875 0.18828125 0.01796875 0.01953125
0 0.3484375 0.20625 0.00703125 0.009375
1 0.4546875 0.1890625 0.0171875 0.03046875
0 0.44921875 0.2 0.00703125 0.009375
2 0.4546875 0.18359375 0.0171875 0.01796875
1 0.28125 0.29140625 0.0171875 0.01640625
0 0.28671875 0.29453125 0.00703125 0.009375
2 0.27734375 0.28984375 0.009375 0.0140625
1 0.175 0.23671875 0.01640625 0.0171875
0 0.1796875 0.240625 0.0078125 0.009375
2 0.17109375 0.23671875 0.0078125 0.015625
1 0.52734375 0.278125 0.0265625 0.02265625
2 0.5328125 0.27578125 0.01640625 0.01953125
0 0.5171875 0.28359375 0.00625 0.01015625
1 0.534375 0.4203125 0.0265625 0.02109375
0 0.52421875 0.4140625 0.00625 0.00859375
2 0.5390625 0.42109375 0.0171875 0.01875
1 0.2765625 0.428125 0.0296875 0.02421875
0 0.2875 0.42109375 0.0078125 0.009375
2 0.27109375 0.43125 0.01796875 0.01953125
1 0.175 0.49609375 0.02109375 0.025
0 0.18125 0.4890625 0.00703125 0.0109375
2 0.16953125 0.49921875 0.009375 0.01875
1 0.3578125 0.52890625 0.01640625 0.03515625
0 0.3625 0.51640625 0.00703125 0.01015625
2 0.3578125 0.53515625 0.01640625 0.02265625
1 0.46796875 0.521875 0.01953125 0.03515625
2 0.46875 0.52890625 0.0171875 0.0203125
0 0.46171875 0.50859375 0.00703125 0.009375
1 0.31953125 0.67578125 0.015625 0.0328125
2 0.31640625 0.6828125 0.009375 0.01796875
0 0.321875 0.66484375 0.00859375 0.01015625
1 0.51875 0.65234375 0.01640625 0.03046875
2 0.52109375 0.6578125 0.0109375 0.01796875
0 0.515625 0.64296875 0.0078125 0.0109375
1 0.6203125 0.21875 0.01875 0.021875
2 0.62421875 0.21484375 0.00859375 0.01328125
0 0.61484375 0.22421875 0.00703125 0.01015625
1 0.6328125 0.46953125 0.01796875 0.01796875
2 0.6375 0.47109375 0.009375 0.01640625
0 0.628125 0.465625 0.00703125 0.009375