1 0.4453125 0.17421875 0.0109375 0.02109375
0 0.44296875 0.18125 0.00546875 0.0078125
2 0.446875 0.1703125 0.0078125 0.0125
1 0.29140625 0.2796875 0.009375 0.0265625
2 0.29140625 0.2734375 0.0078125 0.0140625
0 0.29375 0.28828125 0.00625 0.0078125
1 0.47265625 0.4 0.01640625 0.01796875
2 0.4765625 0.39765625 0.0078125 0.0125
0 0.46796875 0.40390625 0.00546875 0.00859375
1 0.38359375 0.65 0.01015625 0.02578125
2 0.384375 0.65546875 0.00859375 0.0140625
0 0.3828125 0.640625 0.00625 0.0078125
1 0.5609375 0.6125 0.015625 0.01640625
2 0.5640625 0.6140625 0.0078125 0.01484375
0 0.55625 0.609375 0.00625 0.009375
1 0.1984375 0.528125 0.01796875 0.01875
0 0.2046875 0.5234375 0.00625 0.00859375
2 0.19375 0.53125 0.00859375 0.0125
1 0.1140625 0.31484375 0.01484375 0.01640625
0 0.11875 0.31953125 0.00625 0.0078125
2 0.11015625 0.3140625 0.0078125 0.01328125
1 0.22421875 0.7734375 0.01328125 0.02578125
0 0.22734375 0.76484375 0.00625 0.009375
2 0.22265625 0.7796875 0.009375 0.01484375