1 0.50546875 0.475 0.0171875 0.0171875
0 0.51015625 0.47890625 0.00703125 0.00859375
2 0.5 0.47421875 0.00703125 0.01484375
1 0.640625 0.5140625 0.01875 0.03046875
0 0.646875 0.525 0.00625 0.009375
2 0.6390625 0.5078125 0.015625 0.01640625
1 0.59609375 0.6265625 0.01796875 0.015625
2 0.59140625 0.6265625 0.0078125 0.015625
0 0.6015625 0.6234375 0.00703125 0.009375
1 0.5203125 0.7953125 0.01484375 0.02578125
2 0.5171875 0.8 0.00859375 0.015625
0 0.525 0.7875 0.00703125 0.01015625
1 0.6609375 0.7046875 0.009375 0.02578125
2 0.66171875 0.69921875 0.0078125 0.01484375
0 0.659375 0.7125 0.00625 0.009375
1 0.753125 0.86796875 0.01015625 0.028125
2 0.75390625 0.875 0.00859375 0.01484375
0 0.7515625 0.85859375 0.00625 0.009375
1 0.73671875 0.546875 0.015625 0.021875
2 0.73984375 0.5421875 0.00859375 0.0140625
0 0.73203125 0.55234375 0.00625 0.009375
1 0.74296875 0.6734375 0.01484375 0.0203125
2 0.746875 0.6765625 0.0078125 0.0140625
0 0.7390625 0.6671875 0.00625 0.00859375
1 0.721875 0.36171875 0.01015625 0.02421875
2 0.72265625 0.35625 0.00703125 0.01328125
0 0.7203125 0.3703125 0.00625 0.00859375
1 0.87109375 0.59296875 0.0171875 0.01640625
2 0.87578125 0.5921875 0.0078125 0.0140625
0 0.865625 0.59609375 0.00625 0.00859375