1 0.6625 0.3515625 0.009375 0.0296875
0 0.66171875 0.3609375 0.00703125 0.01015625
2 0.66328125 0.34453125 0.0078125 0.01640625
1 0.4609375 0.46484375 0.02109375 0.0234375
0 0.46796875 0.47109375 0.00703125 0.01015625
2 0.45625 0.46171875 0.009375 0.01640625
1 0.43671875 0.76484375 0.01875 0.028125
2 0.43203125 0.7703125 0.00859375 0.0171875
0 0.4421875 0.75546875 0.00703125 0.009375
1 0.61640625 0.9375 0.009375 0.03046875
2 0.61640625 0.94453125 0.00859375 0.01640625
0 0.6171875 0.92734375 0.00703125 0.009375
1 0.81640625 0.81875 0.015625 0.03125
2 0.81953125 0.825 0.00859375 0.01796875
0 0.81328125 0.80859375 0.0078125 0.01015625
1 0.83828125 0.52109375 0.01875 0.01953125
0 0.8328125 0.525 0.0078125 0.0109375
2 0.84375 0.51953125 0.00859375 0.01640625