1 0.37734375 0.52578125 0.01015625 0.0234375
0 0.3796875 0.53203125 0.00546875 0.00859375
2 0.37578125 0.5203125 0.0078125 0.0125
1 0.30078125 0.621875 0.02109375 0.01953125
0 0.3078125 0.6265625 0.00625 0.00859375
2 0.29765625 0.61875 0.01484375 0.015625
1 0.275 0.64765625 0.02265625 0.01640625
0 0.2828125 0.65078125 0.00625 0.00859375
2 0.2703125 0.6484375 0.0140625 0.0140625
1 0.2828125 0.67109375 0.01640625 0.02734375
2 0.2828125 0.6765625 0.015625 0.01640625
0 0.2875 0.6625 0.00703125 0.01015625
1 0.384375 0.64375 0.0171875 0.02421875
2 0.38359375 0.6484375 0.01484375 0.01484375
0 0.38984375 0.63671875 0.00703125 0.00859375
1 0.43203125 0.63671875 0.01953125 0.02109375
2 0.434375 0.6390625 0.01328125 0.015625
0 0.425 0.63125 0.00625 0.009375
1 0.434375 0.69765625 0.0140625 0.025
0 0.43046875 0.6890625 0.00703125 0.00859375
2 0.434375 0.70234375 0.0140625 0.0140625
1 0.51953125 0.65625 0.0140625 0.02421875
2 0.5203125 0.6609375 0.01328125 0.01484375
0 0.51953125 0.6484375 0.00625 0.0078125
1 0.46953125 0.50703125 0.0109375 0.0234375
2 0.4671875 0.5015625 0.00625 0.01328125
0 0.471875 0.5140625 0.00625 0.00859375
1 0.51640625 0.4859375 0.01171875 0.02265625
0 0.51328125 0.49375 0.00546875 0.0078125
2 0.51875 0.48125 0.00703125 0.0125
1 0.5125 0.52265625 0.01484375 0.0140625
2 0.51640625 0.52265625 0.00703125 0.01328125
0 0.50859375 0.52578125 0.00546875 0.00859375
1 0.584375 0.60625 0.0140625 0.01796875
2 0.5875 0.60390625 0.00703125 0.0140625
0 0.58046875 0.61015625 0.00625 0.00859375
1 0.6 0.7484375 0.0234375 0.015625
2 0.59609375 0.74765625 0.0140625 0.01484375
0 0.60859375 0.7453125 0.00625 0.00859375
1 0.59609375 0.809375 0.0078125 0.02421875
2 0.59609375 0.8140625 0.00703125 0.01328125
0 0.596875 0.8015625 0.00625 0.00859375
1 0.6328125 0.784375 0.00703125 0.02421875
2 0.6328125 0.7890625 0.00703125 0.0140625
0 0.6328125 0.7765625 0.00703125 0.00859375
1 0.63203125 0.73203125 0.01328125 0.0234375
0 0.628125 0.7390625 0.00625 0.00859375
2 0.634375 0.72734375 0.0078125 0.0140625
1 0.6953125 0.78984375 0.0125 0.0234375
2 0.69765625 0.79453125 0.00625 0.0140625
0 0.69140625 0.78359375 0.00546875 0.00859375