1 0.41640625 0.559375 0.01484375 0.01953125
0 0.4203125 0.5546875 0.00703125 0.01015625
2 0.4125 0.5609375 0.00703125 0.0171875
1 0.46640625 0.421875 0.015625 0.0234375
0 0.47109375 0.42890625 0.00703125 0.0078125
2 0.4625 0.4171875 0.0078125 0.01484375
1 0.52265625 0.50078125 0.01796875 0.02734375
2 0.5234375 0.4953125 0.0171875 0.015625
0 0.5171875 0.51015625 0.00625 0.00859375
1 0.50234375 0.53203125 0.025 0.0171875
0 0.5109375 0.528125 0.00625 0.009375
2 0.49765625 0.53203125 0.015625 0.0171875
1 0.49296875 0.57734375 0.025 0.01484375
0 0.5015625 0.578125 0.00703125 0.0109375
2 0.48828125 0.57734375 0.01640625 0.015625
1 0.5328125 0.54375 0.02578125 0.01796875
2 0.5375 0.54375 0.015625 0.01640625
0 0.5234375 0.546875 0.00625 0.01015625
1 0.5984375 0.63515625 0.01640625 0.028125
2 0.5984375 0.6296875 0.01640625 0.0171875
0 0.59921875 0.64375 0.00703125 0.009375
1 0.575 0.68203125 0.01640625 0.028125
0 0.5765625 0.67265625 0.0078125 0.01015625
2 0.575 0.68828125 0.01640625 0.01640625
1 0.628125 0.6421875 0.01640625 0.02890625
2 0.628125 0.6359375 0.015625 0.01640625
0 0.62421875 0.65078125 0.00703125 0.01015625
1 0.60859375 0.66875 0.015625 0.028125
2 0.609375 0.675 0.015625 0.01640625
0 0.6125 0.66015625 0.00703125 0.00859375
1 0.71484375 0.5875 0.0171875 0.01796875
2 0.71953125 0.58828125 0.0078125 0.01484375
0 0.71015625 0.58359375 0.00703125 0.01015625
1 0.56328125 0.3859375 0.00859375 0.0296875
0 0.5640625 0.3953125 0.00625 0.009375
2 0.5625 0.37890625 0.00703125 0.015625
1 0.59296875 0.79375 0.0171875 0.02890625
2 0.59296875 0.79921875 0.0171875 0.015625
0 0.596875 0.784375 0.00703125 0.01015625
1 0.69375 0.72578125 0.02421875 0.028125
2 0.69765625 0.73203125 0.01640625 0.01640625
0 0.6859375 0.7171875 0.0078125 0.00859375
1 0.78984375 0.4703125 0.01796875 0.01875
2 0.79453125 0.471875 0.0078125 0.015625
0 0.78515625 0.465625 0.00703125 0.009375
1 0.6375 0.29140625 0.01171875 0.02734375
0 0.63984375 0.3 0.00703125 0.009375
2 0.63671875 0.2859375 0.0078125 0.01484375
1 0.8328125 0.3234375 0.01640625 0.015625
2 0.8375 0.3234375 0.00859375 0.01484375
0 0.82890625 0.321875 0.00625 0.009375
1 0.7359375 0.2234375 0.00859375 0.02734375
2 0.73515625 0.2171875 0.00703125 0.01484375
0 0.73671875 0.23203125 0.00625 0.00859375
1 0.81171875 0.2296875 0.0125 0.025
2 0.8140625 0.22421875 0.0078125 0.0140625
0 0.80859375 0.2375 0.00625 0.00859375