1 0.4546875 0.24921875 0.01484375 0.02578125
0 0.45 0.2578125 0.00546875 0.00703125
2 0.4546875 0.2453125 0.0140625 0.015625
1 0.4015625 0.2984375 0.015625 0.021875
2 0.4015625 0.2953125 0.0140625 0.015625
0 0.40625 0.30546875 0.00546875 0.00703125
1 0.46171875 0.30546875 0.0125 0.01328125
0 0.4578125 0.30703125 0.0046875 0.00703125
2 0.46484375 0.30546875 0.00703125 0.0125
1 0.34921875 0.3375 0.01328125 0.0234375
2 0.34921875 0.334375 0.01328125 0.01640625
0 0.35234375 0.3453125 0.00546875 0.00703125
1 0.35390625 0.38125 0.0140625 0.02421875
0 0.3515625 0.37265625 0.00546875 0.00703125
2 0.35390625 0.384375 0.0140625 0.015625
1 0.39296875 0.36953125 0.015625 0.021875
0 0.3875 0.3625 0.0046875 0.00703125
2 0.39375 0.37265625 0.0140625 0.015625
1 0.45546875 0.36640625 0.00859375 0.021875
0 0.45703125 0.359375 0.00546875 0.00703125
2 0.4546875 0.37109375 0.0078125 0.01171875
1 0.52109375 0.35546875 0.01015625 0.01953125
0 0.51875 0.3609375 0.0046875 0.00703125
2 0.521875 0.3515625 0.00703125 0.0125
1 0.5671875 0.421875 0.01328125 0.0171875
2 0.56953125 0.41953125 0.00703125 0.0125
0 0.56328125 0.4265625 0.00546875 0.00703125
1 0.584375 0.509375 0.01484375 0.01328125
2 0.58828125 0.509375 0.0078125 0.01328125
0 0.5796875 0.51015625 0.00546875 0.00703125
1 0.58125 0.5953125 0.015625 0.01328125
0 0.57578125 0.59296875 0.0046875 0.00703125
2 0.584375 0.5953125 0.00703125 0.0125
1 0.5375 0.68046875 0.01171875 0.021875
0 0.534375 0.6734375 0.00546875 0.0078125
2 0.5390625 0.68515625 0.0078125 0.01328125
1 0.4859375 0.68359375 0.0109375 0.0234375
0 0.48359375 0.67578125 0.00546875 0.0078125
2 0.4875 0.68828125 0.00859375 0.01328125
1 0.44375 0.7265625 0.009375 0.025
0 0.44375 0.71796875 0.00546875 0.0078125
2 0.44296875 0.73203125 0.00859375 0.01328125
1 0.3828125 0.71640625 0.0140625 0.02890625
0 0.3859375 0.70625 0.00546875 0.0078125
2 0.38203125 0.721875 0.0140625 0.01640625
1 0.328125 0.65859375 0.0203125 0.0265625
0 0.334375 0.65 0.00625 0.00859375
2 0.32578125 0.66171875 0.0140625 0.0171875
1 0.29296875 0.5734375 0.021875 0.01796875
0 0.3 0.56953125 0.00546875 0.0078125
2 0.28984375 0.57421875 0.0140625 0.015625
1 0.29140625 0.4640625 0.01875 0.02265625
2 0.2890625 0.46171875 0.0125 0.01640625
0 0.29765625 0.47109375 0.00546875 0.00703125
1 0.3328125 0.41015625 0.015625 0.0234375
2 0.3328125 0.40703125 0.0140625 0.015625
0 0.3375 0.41796875 0.00546875 0.00703125
1 0.3953125 0.40859375 0.015625 0.02109375
0 0.38984375 0.4015625 0.0046875 0.00703125
2 0.39609375 0.41171875 0.01328125 0.015625