1 0.50078125 0.17890625 0.00859375 0.028125
0 0.5015625 0.18828125 0.00703125 0.009375
2 0.50078125 0.17265625 0.0078125 0.01484375
1 0.44609375 0.3796875 0.02421875 0.03046875
2 0.4421875 0.37265625 0.0171875 0.01640625
0 0.45390625 0.3890625 0.0078125 0.01015625
1 0.28671875 0.38984375 0.01953125 0.01640625
0 0.2921875 0.3921875 0.0078125 0.01015625
2 0.28046875 0.38984375 0.0078125 0.01640625
1 0.4203125 0.5203125 0.01875 0.02109375
2 0.415625 0.5234375 0.00859375 0.01640625
0 0.42578125 0.515625 0.00703125 0.01015625
1 0.509375 0.5828125 0.009375 0.03125
2 0.509375 0.5765625 0.00859375 0.01796875
0 0.509375 0.59296875 0.0078125 0.0109375
1 0.37421875 0.7390625 0.01484375 0.03203125
2 0.371875 0.74609375 0.00859375 0.01796875
0 0.3765625 0.72890625 0.0078125 0.0109375
1 0.55859375 0.37734375 0.015625 0.02734375
2 0.56171875 0.371875 0.00859375 0.01640625
0 0.5546875 0.38671875 0.0078125 0.009375
1 0.71796875 0.37734375 0.0171875 0.02109375
2 0.72265625 0.375 0.00859375 0.015625
0 0.71328125 0.38203125 0.00703125 0.01015625
1 0.59375 0.51640625 0.01875 0.0203125
2 0.5984375 0.51796875 0.00859375 0.0171875
0 0.58828125 0.5109375 0.00703125 0.01015625
1 0.64765625 0.728125 0.0140625 0.03046875
0 0.64453125 0.71796875 0.00703125 0.0109375
2 0.65 0.73515625 0.00859375 0.0171875