1 0.59765625 0.596875 0.015625 0.03359375
2 0.59921875 0.60546875 0.0125 0.01484375
0 0.59453125 0.5859375 0.0078125 0.01015625
1 0.7921875 0.47421875 0.02109375 0.02265625
2 0.796875 0.47734375 0.0109375 0.015625
0 0.7859375 0.46796875 0.00703125 0.01015625
1 0.8109375 0.190625 0.02421875 0.01484375
2 0.81640625 0.190625 0.0140625 0.015625
0 0.80234375 0.1890625 0.0078125 0.01015625
1 0.63203125 0.02578125 0.01171875 0.028125
2 0.63125 0.01875 0.01171875 0.01484375
0 0.63046875 0.03515625 0.0078125 0.009375
1 0.4390625 0.1453125 0.01953125 0.021875
0 0.4453125 0.1515625 0.00703125 0.00859375
2 0.43515625 0.1421875 0.01015625 0.01484375
1 0.4171875 0.4296875 0.02109375 0.0203125
0 0.4234375 0.42421875 0.00703125 0.009375
2 0.41328125 0.43203125 0.01171875 0.0140625