1 0.60703125 0.50625 0.0125 0.0125
0 0.61171875 0.509375 0.0046875 0.00703125
2 0.6046875 0.50546875 0.00703125 0.0109375
1 0.82890625 0.41796875 0.00625 0.01875
0 0.82734375 0.42421875 0.0046875 0.00625
2 0.82890625 0.41328125 0.00625 0.01015625
1 0.68671875 0.31796875 0.00703125 0.0171875
0 0.68828125 0.3234375 0.0046875 0.00625
2 0.6859375 0.3140625 0.00546875 0.009375
1 0.90078125 0.72109375 0.0125 0.0171875
2 0.9046875 0.7234375 0.00625 0.01171875
0 0.89765625 0.71640625 0.00546875 0.00703125
1 0.67265625 0.81328125 0.0078125 0.0203125
2 0.671875 0.8171875 0.00625 0.0109375
0 0.67421875 0.80625 0.00390625 0.00546875