1 0.81328125 0.74453125 0.01484375 0.01796875
2 0.81640625 0.746875 0.0078125 0.01328125
0 0.80859375 0.7390625 0.00546875 0.00859375
1 0.7546875 0.76328125 0.01015625 0.02265625
2 0.75546875 0.76796875 0.00859375 0.01328125
0 0.75234375 0.75625 0.00625 0.0078125
1 0.715625 0.7421875 0.02109375 0.01953125
2 0.71171875 0.74375 0.01328125 0.015625
0 0.7234375 0.73671875 0.00625 0.00859375
1 0.7421875 0.71484375 0.0109375 0.025
2 0.74375 0.70859375 0.00703125 0.01171875
0 0.73984375 0.72265625 0.00546875 0.0078125
1 0.7265625 0.80078125 0.00859375 0.0234375
2 0.72734375 0.80546875 0.0078125 0.01328125
0 0.72578125 0.79296875 0.00625 0.00859375
1 0.6703125 0.61796875 0.01171875 0.01953125
2 0.67265625 0.61484375 0.00703125 0.01328125
0 0.66796875 0.62421875 0.00546875 0.0078125
1 0.6234375 0.68984375 0.0140625 0.0234375
2 0.6234375 0.69375 0.0140625 0.015625
0 0.6203125 0.68203125 0.00625 0.0078125
1 0.53671875 0.7078125 0.0203125 0.01640625
2 0.53984375 0.7078125 0.01328125 0.015625
0 0.52890625 0.70390625 0.00546875 0.0078125
1 0.49453125 0.73125 0.0140625 0.02578125
2 0.49453125 0.73671875 0.01328125 0.01484375
0 0.4984375 0.72265625 0.00625 0.0078125
1 0.55234375 0.7625 0.01640625 0.02265625
2 0.55390625 0.765625 0.0140625 0.01484375
0 0.546875 0.75546875 0.00625 0.00859375
1 0.4078125 0.79609375 0.01484375 0.0265625
0 0.409375 0.78671875 0.00546875 0.00859375
2 0.4078125 0.8015625 0.01484375 0.0171875
1 0.39453125 0.78046875 0.021875 0.01484375
0 0.40234375 0.77734375 0.00625 0.00859375
2 0.390625 0.78046875 0.01484375 0.01484375
1 0.4125 0.74296875 0.021875 0.015625
0 0.4203125 0.74609375 0.00625 0.00859375
2 0.409375 0.74296875 0.01484375 0.01484375
1 0.4625 0.625 0.01328125 0.02109375
0 0.465625 0.63125 0.00625 0.00859375
2 0.459375 0.62109375 0.00625 0.0125
1 0.54296875 0.571875 0.01328125 0.0203125
0 0.54609375 0.578125 0.00546875 0.00859375
2 0.53984375 0.56796875 0.00703125 0.0125
1 0.58671875 0.56953125 0.01328125 0.0171875
2 0.5890625 0.5671875 0.00703125 0.01328125
0 0.5828125 0.57421875 0.00546875 0.0078125
1 0.58046875 0.534375 0.00703125 0.02421875
2 0.58125 0.52890625 0.00703125 0.01328125
0 0.58046875 0.5421875 0.00625 0.00859375