1 0.69140625 0.4859375 0.0109375 0.015625
0 0.69375 0.48125 0.00546875 0.00703125
2 0.6890625 0.48828125 0.00703125 0.01171875
1 0.709375 0.378125 0.01328125 0.015625
0 0.71328125 0.3828125 0.0046875 0.00703125
2 0.70625 0.3765625 0.00703125 0.01171875
1 0.771875 0.33203125 0.009375 0.02109375
0 0.7734375 0.33828125 0.0046875 0.0078125
2 0.7703125 0.32734375 0.00625 0.01171875
1 0.7578125 0.42109375 0.01171875 0.021875
2 0.7578125 0.4171875 0.01171875 0.0140625
0 0.75546875 0.42890625 0.00546875 0.00703125
1 0.746875 0.44765625 0.01796875 0.01796875
2 0.74453125 0.44921875 0.0125 0.015625
0 0.75390625 0.4421875 0.00546875 0.0078125
1 0.77109375 0.44921875 0.01796875 0.0171875
2 0.7734375 0.44765625 0.0125 0.0140625
0 0.76484375 0.453125 0.00546875 0.0078125
1 0.746875 0.48203125 0.01875 0.0140625
2 0.74375 0.48203125 0.01328125 0.01328125
0 0.753125 0.4796875 0.0046875 0.00703125
1 0.8125 0.25 0.01015625 0.01953125
0 0.81484375 0.25546875 0.0046875 0.00703125
2 0.8109375 0.2453125 0.00625 0.0109375
1 0.871875 0.18046875 0.00859375 0.01953125
0 0.8734375 0.1859375 0.00546875 0.0078125
2 0.87109375 0.17578125 0.00625 0.01171875
1 0.92578125 0.1671875 0.0078125 0.01953125
2 0.9265625 0.16328125 0.00625 0.0109375
0 0.925 0.1734375 0.00546875 0.00625
1 0.95234375 0.22734375 0.0125 0.01171875
2 0.9546875 0.22734375 0.00625 0.01171875
0 0.94921875 0.228125 0.00546875 0.00703125
1 0.940625 0.33984375 0.01328125 0.01171875
2 0.94375 0.340625 0.00625 0.0109375
0 0.93671875 0.33828125 0.0046875 0.00703125
1 0.903125 0.4390625 0.0125 0.0109375
2 0.90625 0.4390625 0.00546875 0.01171875
0 0.89921875 0.43671875 0.00546875 0.00703125
1 0.8265625 0.496875 0.0125 0.021875
2 0.82734375 0.49375 0.0125 0.0140625
0 0.82890625 0.50390625 0.00546875 0.00703125
1 0.84921875 0.49609375 0.0125 0.021875
0 0.84765625 0.503125 0.00546875 0.00703125
2 0.84921875 0.49140625 0.0125 0.01328125
1 0.83984375 0.51953125 0.0125 0.02265625
2 0.83984375 0.52421875 0.01171875 0.0140625
0 0.840625 0.51171875 0.0046875 0.00703125
1 0.81796875 0.53671875 0.0125 0.021875
0 0.8171875 0.52890625 0.00546875 0.00703125
2 0.81796875 0.53984375 0.0125 0.0140625
1 0.90625 0.5421875 0.01875 0.0203125
2 0.90859375 0.54375 0.0125 0.01484375
0 0.89921875 0.5359375 0.00546875 0.00703125
1 0.84453125 0.61015625 0.01328125 0.02265625
2 0.84453125 0.6140625 0.0125 0.0140625
0 0.8453125 0.60234375 0.00546875 0.00703125