1 0.59609375 0.57578125 0.0140625 0.01640625
0 0.59140625 0.58046875 0.0046875 0.00625
2 0.5984375 0.57265625 0.01015625 0.01015625
1 0.54921875 0.59140625 0.009375 0.0171875
0 0.55078125 0.596875 0.0046875 0.00546875
2 0.54921875 0.5875 0.009375 0.01015625
1 0.50390625 0.59921875 0.01015625 0.0171875
2 0.50390625 0.5953125 0.009375 0.009375
0 0.503125 0.6046875 0.0046875 0.00625
1 0.49609375 0.6296875 0.01015625 0.0171875
0 0.496875 0.62421875 0.00546875 0.00625
2 0.49609375 0.6328125 0.01015625 0.01015625
1 0.4765625 0.6453125 0.01015625 0.0171875
2 0.4765625 0.64140625 0.009375 0.01015625
0 0.47734375 0.65078125 0.0046875 0.00625
1 0.58984375 0.61953125 0.01015625 0.0109375
0 0.58671875 0.61796875 0.00390625 0.00546875
2 0.5921875 0.61953125 0.00546875 0.01015625
1 0.5265625 0.6359375 0.01015625 0.01796875
2 0.5265625 0.6390625 0.009375 0.0109375
0 0.525 0.63046875 0.0046875 0.00625
1 0.434375 0.66796875 0.0109375 0.01796875
2 0.43359375 0.6640625 0.01015625 0.01015625
0 0.4375 0.6734375 0.0046875 0.00546875
1 0.5203125 0.665625 0.009375 0.0171875
2 0.5203125 0.66875 0.01015625 0.01015625
0 0.51796875 0.659375 0.00390625 0.00546875
1 0.57265625 0.659375 0.009375 0.015625
2 0.5703125 0.6625 0.00546875 0.009375
0 0.575 0.6546875 0.0046875 0.00625
1 0.62109375 0.6765625 0.01015625 0.01171875
2 0.6234375 0.675 0.00546875 0.01015625
0 0.61796875 0.6796875 0.00390625 0.00625
1 0.6390625 0.74140625 0.0109375 0.0109375
2 0.64140625 0.74140625 0.00546875 0.01015625
0 0.6359375 0.74296875 0.0046875 0.00625
1 0.6328125 0.81171875 0.01171875 0.0109375
2 0.6359375 0.81171875 0.00546875 0.0109375
0 0.6296875 0.809375 0.0046875 0.00625
1 0.6125 0.8703125 0.0109375 0.0140625
2 0.61484375 0.871875 0.00546875 0.01015625
0 0.609375 0.86640625 0.0046875 0.00625
1 0.5625 0.9140625 0.00625 0.01875
2 0.56328125 0.91796875 0.0046875 0.01015625
0 0.56171875 0.9078125 0.0046875 0.00625
1 0.52578125 0.89609375 0.0046875 0.01796875
2 0.52578125 0.9 0.0046875 0.0109375
0 0.52578125 0.890625 0.0046875 0.00625
1 0.48671875 0.91015625 0.0078125 0.01796875
0 0.48828125 0.9046875 0.0046875 0.00625
2 0.48515625 0.9140625 0.0046875 0.01015625
1 0.4453125 0.88046875 0.01328125 0.0171875
0 0.44921875 0.875 0.0046875 0.00625
2 0.44375 0.884375 0.01015625 0.01015625
1 0.41953125 0.81796875 0.01640625 0.0125
0 0.425 0.815625 0.0046875 0.00625
2 0.4171875 0.81875 0.0109375 0.01015625
1 0.4125 0.74296875 0.015625 0.01015625
0 0.41796875 0.74453125 0.0046875 0.00546875
2 0.41015625 0.74296875 0.01015625 0.01015625