1 0.2 0.33671875 0.01484375 0.0234375
2 0.2 0.33359375 0.01484375 0.015625
0 0.2046875 0.34375 0.00625 0.009375
1 0.27265625 0.32578125 0.0140625 0.0265625
2 0.27265625 0.3203125 0.0140625 0.01484375
0 0.26875 0.33515625 0.00625 0.00703125
1 0.3125 0.3015625 0.021875 0.01640625
0 0.3203125 0.30546875 0.0046875 0.0078125
2 0.30859375 0.3015625 0.0140625 0.01640625
1 0.3671875 0.23984375 0.01171875 0.0265625
2 0.3671875 0.234375 0.01171875 0.01640625
0 0.36640625 0.2484375 0.00625 0.0078125
1 0.325 0.40390625 0.01484375 0.0234375
2 0.325 0.4078125 0.0140625 0.015625
0 0.3203125 0.39609375 0.00546875 0.0078125
1 0.21796875 0.4390625 0.01953125 0.02109375
0 0.22421875 0.4328125 0.00625 0.0078125
2 0.215625 0.44140625 0.01484375 0.01640625
1 0.2109375 0.49140625 0.01640625 0.02265625
2 0.21015625 0.4890625 0.0140625 0.0171875
0 0.215625 0.49921875 0.00625 0.00703125
1 0.2875 0.4703125 0.02109375 0.015625
2 0.28984375 0.4703125 0.0140625 0.015625
0 0.2796875 0.471875 0.00546875 0.00859375
1 0.3859375 0.41640625 0.0140625 0.02734375
2 0.3859375 0.421875 0.0140625 0.01640625
0 0.390625 0.40625 0.00546875 0.0078125
1 0.4125 0.4890625 0.02109375 0.015625
0 0.4203125 0.49140625 0.00546875 0.0078125
2 0.40859375 0.4890625 0.0140625 0.015625
1 0.31171875 0.5515625 0.0109375 0.01953125
2 0.31328125 0.5484375 0.0078125 0.01328125
0 0.30859375 0.5578125 0.00546875 0.00859375
1 0.18046875 0.58203125 0.0140625 0.01484375
0 0.18515625 0.57890625 0.00546875 0.0078125
2 0.178125 0.58203125 0.00859375 0.0140625
1 0.2484375 0.6125 0.009375 0.02421875
0 0.2484375 0.60390625 0.00546875 0.0078125
2 0.2484375 0.61796875 0.009375 0.0125
1 0.290625 0.65390625 0.0140625 0.01328125
0 0.29453125 0.6515625 0.00546875 0.0078125
2 0.2875 0.65390625 0.00859375 0.01328125
1 0.3765625 0.5609375 0.01171875 0.02265625
0 0.3796875 0.56796875 0.00546875 0.00859375
2 0.37421875 0.55625 0.0078125 0.0140625
1 0.3875 0.653125 0.015625 0.0140625
2 0.39140625 0.653125 0.0078125 0.0140625
0 0.3828125 0.65078125 0.00546875 0.0078125
1 0.42421875 0.6328125 0.0078125 0.025
0 0.425 0.62421875 0.00546875 0.0078125
2 0.42421875 0.6390625 0.0078125 0.0125
1 0.32890625 0.73203125 0.01015625 0.025
0 0.33125 0.7234375 0.00546875 0.00859375
2 0.328125 0.7375 0.0078125 0.01328125
1 0.50390625 0.625 0.015625 0.01484375
2 0.5078125 0.62578125 0.0078125 0.01328125
0 0.49921875 0.62109375 0.00625 0.0078125
1 0.4875 0.53125 0.0171875 0.0234375
2 0.4890625 0.52734375 0.0140625 0.0171875
0 0.48125 0.53828125 0.00546875 0.0078125
1 0.49140625 0.46875 0.01875 0.02109375
0 0.48515625 0.4625 0.00546875 0.0078125
2 0.49296875 0.47109375 0.01484375 0.01640625
1 0.4109375 0.3203125 0.01953125 0.01953125
2 0.4140625 0.31875 0.0140625 0.0171875
0 0.4046875 0.32578125 0.00546875 0.0078125
1 0.45078125 0.35078125 0.0140625 0.02578125
2 0.45078125 0.34609375 0.0140625 0.01640625
0 0.4515625 0.359375 0.00625 0.0078125
1 0.51875 0.378125 0.01953125 0.01953125
2 0.521875 0.37734375 0.0140625 0.01640625
0 0.51171875 0.38359375 0.00546875 0.0078125